35
0 344
3951 28809 53602 53941 45358 48814 80118 11007 28604 15755 35444 25170 87833 1177 62860 65211 35319 27615 84835 42434 59278 89805 70381 81264 86920 60041 20380 71381 54810 84637 5683 94267 4731 72715 86242 65856 6973 77669 89610 11917 3313 34608 46257 30475 91648 17983 39752 99650 80160 84991 54534 75458 34505 18369 65316 83832 35983 3342 95567 38494 34541 20438 67555 99630 96897 93817 79283 28322 8024 71846 45572 42800 83261 99567 19369 48946 29655 59126 10284 14769 52090 59703 54633 96284 6093 20886 40455 85982 86227 8930 52050 21671 52583 13782 71589 37925 35512 6600 88953 62436 80909 1734 45680 2500 93078 64658 37116 41060 74985 93968 74784 41289 37567 35661 87332 693 77763 38069 67516 23954 42126 9027 89917 50317 93442 30262 73467 42332 50872 6580 44616 32366 69055 50047 7292 42557 85336 23462 12286 42234 5610 97495 92963 986 26528 38677 71630 31633 22510 76197 39635 7180 36490 81797 50625 13975 12749 55326 86342 89497 52906 30407 63263 22580 4290 51722 39496 34373 72752 82252 2885 14100 24972 56286 4476 35197 38183 40929 28683 18709 80354 12261 62989 8602 76166 44402 50592 83834 43162 45410 80191 8351 32237 7072 43658 56984 27656 39973 92380 25592 44167 386 3066 40061 38880 67463 29026 29259 19265 63214 74214 70371 52465 50618 25685 66827 97566 63100 9591 30623 92730 85368 44902 36651 98726 2797 52440 1970 48125 91345 54664 4213 27863 25355 43297 47044 2407 80092 42729 60979 55913 82801 9441 2926 58636 5325 33315 71126 34352 37903 75179 43074 10108 86636 22260 30769 92397 75985 77738 96727 45717 62548 41469 593 47842 67732 73947 2846 23922 18877 50523 38182 74650 96360 74370 80650 53706 39492 73153 83655 26092 83315 94965 18088 7563 17880 32267 4374 29628 37367 56271 6970 11006 9069 84948 17643 61524 86413 4328 8674 89603 71844 80636 90797 85867 41328 85809 85925 35107 96613 71970 85964 32003 98633 73775 49538 60944 22599 41071 27998 27933 46583 7481 79315 81433 4113 91865 65959 50394 49247 77895 39198 78361 31819 79038 24867 58955 9857 64691 64075 37940 31470 31074 12421 
1 191
93871 89128 52013 61705 58707 63867 79187 21461 55396 96254 34941 61664 52096 30457 92344 14717 35066 38232 78346 75524 7024 90423 49568 35533 832 70767 10632 78336 84236 91067 88218 52395 68786 37057 23403 42548 34306 15573 97712 77787 10452 3018 13872 87615 76944 75605 23237 32625 71981 92801 19789 28205 57528 23440 87732 6613 35798 31608 63095 75417 24778 7488 42773 47595 85784 62250 73594 25098 86855 86247 98332 23195 19217 65744 60337 52947 19598 66257 28005 35715 63727 8155 37538 16133 26773 80360 69916 90446 87307 49449 78575 99992 7408 10503 65951 95719 82272 83903 86948 92035 24029 1635 90038 24512 64513 88578 54665 33270 41761 87749 79850 31711 74637 62374 60042 13998 34274 5193 19284 5001 11646 91868 60341 67569 98256 85084 61581 15231 24503 10824 52943 59756 30413 91338 23528 45196 42330 30904 41451 62700 98736 23162 15067 16012 5029 58385 71704 88927 27505 99897 1143 73040 67861 98219 9310 22281 21107 31484 48266 43963 57306 57438 96227 10004 74509 42013 13488 42666 29694 76801 49920 27478 74301 39012 60662 56547 83730 48013 35534 72367 57632 13602 6634 22257 16552 99581 51880 59588 57996 9748 10478 
2 42
4967 31577 20417 33458 94531 25309 28336 81648 18725 14231 56751 40238 91892 46105 92753 80121 75008 61729 3694 15822 22850 37448 57618 990 94927 80013 29076 15378 47713 28678 9816 32282 21110 63065 7988 18731 20070 73076 94929 4797 64189 59076 
3 180
97814 95207 42871 54174 43225 58029 16003 75469 18435 14297 58353 21553 3441 83803 57108 10918 93333 57479 66113 80494 68437 83466 70555 54841 67278 42128 36400 48486 81702 36759 59104 27695 18151 21200 84615 65786 82935 35886 44377 52580 73624 80309 99447 99468 64947 50847 59966 89308 63000 11266 37342 56357 59357 89820 39257 97028 17159 71812 46044 99106 29482 39828 91331 30058 81346 49288 31286 58013 40669 47794 52245 3433 57446 16930 31385 23645 62652 8942 2672 58135 99576 58996 53009 96556 61546 94767 35404 82055 62252 34005 36317 60957 72141 33433 82950 3182 67101 96173 46892 77965 16606 39783 87863 49109 81436 32724 53186 53807 90944 15600 91140 99439 89708 60005 39813 58824 40647 12313 46022 15783 14165 58173 26969 90174 8265 18150 33851 22092 10564 46298 67221 53018 2044 37300 4680 44217 92469 86548 23114 39655 72235 52652 44756 10713 78340 47721 12927 97069 54311 50474 47098 12452 37991 80930 83251 72246 86353 70219 29278 4901 14314 86070 80466 76760 64046 75468 6839 54605 13093 62796 42482 52823 44635 98197 94287 91679 56487 73607 84246 29095 
4 179
14716 29599 80830 81122 51836 60058 14304 10566 10378 50258 87330 38590 66572 22452 47642 20618 93704 77231 99850 74405 25789 45298 12769 45667 23155 63122 2463 64104 62125 47828 6885 798 31696 70830 9276 35998 22464 10649 46852 11444 54536 57020 70126 31583 25886 28646 97178 13459 54036 23637 88317 59690 74155 99684 18401 26391 99188 40849 81065 35017 83249 78140 94789 40721 20872 42857 44206 21127 13949 14317 28776 69785 10722 82428 34571 49423 78370 60389 19523 75278 79514 6229 45270 4502 10958 60691 76326 60243 90964 26777 36513 46124 72571 98807 23982 89579 79448 29237 33439 83815 48298 72166 22547 63942 63354 35357 12738 74548 42828 63539 53674 91180 2537 64364 67907 17525 99766 59459 57862 15220 60967 7824 8254 82523 37790 52775 67829 39300 92762 8822 32918 57641 71074 95670 50355 31966 17981 51254 99251 67576 84368 76762 32193 96005 90954 65420 44085 3510 52890 98057 10133 500 81835 61491 61781 18929 42005 60952 86652 9214 34882 55115 65444 18817 70629 20595 57089 87841 8058 48250 8963 10270 55431 67940 92524 75201 15042 16924 43972 
5 169
2438 21103 38077 77091 24862 40260 22609 60212 63062 65616 24656 98439 91065 53033 51534 89836 66802 12689 34176 89563 24126 946 45273 507 60960 99343 84843 5155 50987 43136 45218 48386 66295 55727 35349 1151 44447 63060 63209 98733 31331 58082 77979 28399 89397 88535 45137 58087 24906 32279 99423 50505 97851 8369 12594 30427 3926 87182 62827 58285 85840 37178 92518 49597 13035 78509 97144 61769 52534 40395 36496 67591 67607 19965 93154 40476 27074 61989 67882 15209 98381 5302 46051 2041 37686 35008 65792 84668 4830 28799 58914 75696 45691 15140 66601 79058 3940 37217 16934 74693 2569 47342 23530 85659 71722 78892 24018 78215 64685 74167 9964 44977 20225 55119 61703 50788 41400 27963 42461 8401 92727 29451 5022 5283 72911 81781 12468 6764 30326 18230 88568 90347 1555 61437 43825 56891 40488 43433 34043 14937 10897 56438 8797 7243 1120 17734 52335 1716 78864 42071 24058 4878 71434 33414 65479 82939 70753 49052 35796 70653 33777 64565 38542 44826 73482 72719 40240 54070 13450 
6 161
90772 45165 80328 31318 70121 34230 86454 54681 13776 13179 96654 39414 51851 83620 49272 1512 23172 66587 1314 59098 92291 30435 43681 58148 66305 51029 53236 44055 29534 59349 36822 17066 34106 14734 72115 19403 92957 1972 33047 57203 61761 73384 93070 25892 75999 92829 60754 82117 97551 25845 13965 81494 55748 39759 28836 66046 8840 36648 75874 58551 54052 17370 52344 56340 50266 52672 19913 88097 63824 82665 3475 47441 55803 49378 13607 71020 63691 1202 61010 83437 65382 85864 68811 26361 16390 89658 14000 81603 91321 51790 87458 8417 39325 33360 93535 13692 82237 2746 94432 21394 86332 549 38100 1246 4349 67461 49718 93799 53700 99857 50881 20519 14510 24858 95094 13812 77682 46414 36480 61131 53392 2619 52798 98823 82917 67262 50711 59070 38706 12574 27187 10714 40293 15825 63615 27357 36020 91430 22808 49857 68744 73662 76920 92884 34345 22232 59067 40306 71954 82612 3455 49436 61868 31067 76143 96889 95667 82949 50412 28422 33979 
7 158
95150 33118 31801 45936 88170 77021 98533 13721 20035 33086 51537 49559 73285 72984 70343 90320 55610 78238 80107 5438 92979 71728 20 30436 70857 47178 70769 71328 55495 15829 96980 48248 45381 49231 3684 18730 87916 12230 64488 21637 31007 11578 83059 11803 15406 2595 88716 23873 598 4625 75210 71137 23689 95126 10684 99380 80522 14661 14575 11081 95139 28078 40956 55805 95133 53956 91396 43898 14906 92566 35358 95101 49120 78467 41423 65072 36827 34995 83629 15797 92947 51594 41371 7276 50642 80887 67583 911 81962 74304 4178 24954 47904 69333 5948 57120 75688 79896 65487 38237 8404 43103 70880 44113 79108 89295 80513 6381 37174 23995 7992 37375 82338 61185 98510 41620 22124 66005 97823 24103 70050 4759 74027 28118 47706 51238 23266 53235 38007 73471 10810 24486 99321 18983 56089 26576 56231 65095 96985 95025 58708 82477 21067 819 68528 45419 96460 25556 53571 56691 44752 57380 67809 93536 86538 8748 36173 85854 
8 150
81498 39123 8910 83340 54977 98639 27148 80723 36263 95679 1787 95311 68750 32146 94549 84529 19465 26499 78220 29457 82842 9157 15766 63072 71153 49133 59433 41030 68293 42769 37171 45945 79418 76554 52227 64473 9358 19651 7774 73556 65890 10745 86758 3693 49127 62365 39985 79125 17757 3046 94495 62671 62813 55297 54447 31115 86507 10885 24654 80408 14503 82835 16081 21782 60885 24328 98198 59667 70032 49622 72437 26497 46785 23957 78801 28406 40713 71694 96462 39637 97756 91434 44877 51206 79998 55920 12540 89828 76938 9192 53897 27513 7121 31970 47436 34812 687 80252 53001 39495 11034 67581 20778 94807 46605 76266 81013 10019 40848 51380 66380 75049 67853 21350 48529 16805 61053 62654 66863 67394 2742 43883 25518 65109 37185 56358 3894 69799 5972 15956 91531 2026 77929 49375 90853 35713 11084 44366 71454 80011 82245 70189 54548 62861 53275 36488 69739 81099 95522 94025 
9 119
51333 49918 61072 62101 71596 37384 70758 96945 2637 56859 43622 73792 37591 49508 14719 77792 36079 79091 22072 774 440 59200 63906 79768 30912 72000 35210 16908 86349 60314 84516 27652 97043 43302 63129 36130 98835 18195 37575 14030 29982 61494 20547 26265 55213 15266 87159 97122 82165 87391 72772 56462 74078 10018 85995 60031 13669 21253 56608 54739 77799 18740 64720 73889 94373 11281 87693 27808 85344 91316 34020 85627 5702 85594 51351 93949 87781 82632 34328 57664 24507 27951 15585 31675 60835 94359 61098 53130 75089 94579 33749 93890 67454 34593 85938 92324 23941 39295 75633 48135 11567 15223 80867 89933 1156 2951 28593 21228 75525 41680 48318 34007 23910 26493 64922 52267 19615 21884 2360 
10 276
88451 576 45531 6100 31021 51502 42416 96370 87189 85654 8427 28920 43686 15481 46376 61714 84146 89312 40921 78267 42793 76430 15393 54106 25116 95583 34993 84316 25262 40416 30029 60920 85747 12367 28921 69427 44857 86896 74541 59708 39311 95392 17202 79388 16027 57697 36378 50032 85304 30551 99763 57287 20333 25617 38181 58766 39921 73988 72441 39327 10167 20422 73101 14911 83449 85242 34244 24407 12571 30867 9087 999 5675 85606 84300 56470 45269 62063 725 64399 47077 81938 86294 20172 55627 34299 43237 50120 95195 68921 30388 6133 78903 28204 15233 93513 48460 46942 10828 64589 34944 37307 78842 18732 13326 54338 93641 56941 74469 87352 45226 46615 30056 13134 25459 47710 7318 92120 22566 77920 55825 15000 31669 93354 24098 12953 45988 71504 12129 73676 40126 42445 76808 37181 26365 15043 79570 4615 69080 36391 14129 69463 77717 45235 6953 42668 31350 30612 49479 78594 90969 20323 82184 74119 4741 7745 86156 84242 48598 26319 9735 86370 76568 46702 6520 70825 62015 40324 81383 168 9156 2296 22431 59091 31629 22745 33057 3972 49365 18345 36546 67412 72225 21832 40743 27716 16703 86880 5693 36403 30688 59587 74115 32740 27121 31546 60939 53072 22742 89342 77223 99956 37524 9363 79926 82970 93457 46711 39219 37446 25963 29249 70303 89592 65059 9989 82662 15159 18290 39445 36905 63480 67606 97309 72644 57983 74933 6244 23646 44294 77069 67417 88671 18079 47565 41449 47856 15703 7905 80657 62351 38095 95880 29379 83125 9504 4257 17268 50281 50442 12068 7708 91079 27934 79211 47629 17359 23021 79827 19831 36650 14238 12427 90872 50437 30884 88118 95090 23505 74720 46271 23547 77921 10798 11783 56866 
11 133
71817 45863 55622 94540 89912 9292 9447 14221 74610 54478 30135 16192 68135 50268 77427 65337 53447 34797 65205 39381 33656 70550 51947 39321 62738 26035 32896 12830 95002 91163 43021 55550 42114 95909 93060 95370 22172 22592 57442 76203 99116 66759 95954 94426 2668 89340 20716 33356 31130 3496 42869 88079 71473 60070 65300 4757 671 4961 42214 80034 3349 53399 57529 59254 53468 6727 7123 4431 18989 66501 1913 769 23275 87287 68595 71649 17998 21297 31685 19812 76713 48350 82202 2758 8180 50247 26742 29596 42196 1432 64604 36667 76471 54030 68927 74430 13610 50940 98677 8405 85458 80329 19205 99272 18772 27987 87112 53751 30217 59377 50145 37238 19985 43000 4629 40650 80700 84939 49619 15532 84251 8927 8146 54003 87124 61189 74029 73750 83762 34986 21057 92889 30295 
12 124
43202 98295 68806 96092 29785 35398 59710 13317 46326 24411 65567 55531 37143 72475 93190 91612 55510 16569 96508 25312 22798 12653 3893 94042 29943 58245 50634 27344 29552 20543 68736 53885 59281 49524 22382 9369 75669 42730 27406 59751 35270 76646 60974 88178 60605 1400 8238 86664 54303 15632 7790 52983 83841 44570 96136 82594 85490 99070 64977 21700 59422 34953 17505 50948 18501 20919 857 52216 67208 39015 74040 35323 78329 46482 66663 19602 22637 78145 94665 12610 78925 85531 18702 81461 4059 51197 4160 56179 18965 80151 42185 11935 53167 92619 26002 42154 80052 33262 2587 13735 45311 18915 13553 80094 11491 1596 78719 35850 14563 88541 90696 23190 49147 86086 57757 21825 36347 6677 26929 35272 64071 86755 24226 57330 
13 2
27540 35977 
14 232
1968 98414 92468 58155 2938 43543 19019 9458 24625 55925 73444 43779 74619 12177 26927 49576 95454 97696 95458 63256 84153 49379 72065 23758 78629 18069 72217 47959 42288 7921 16841 22302 32644 18857 20268 65062 87879 1932 94230 21286 81179 75463 11990 73009 23233 54065 90399 91814 61447 90912 86532 2625 10910 9684 71146 35580 75088 87647 75947 83438 42697 31658 5453 44847 85107 74402 70565 7329 48305 51709 19350 47396 17597 91467 79791 4142 8324 76609 10111 21066 68409 7494 94606 60846 62804 88025 41422 75879 46011 27805 28950 62979 91649 87652 74436 3085 66087 1920 42305 67927 57773 14861 46980 46386 14198 51080 8134 76451 33114 80308 665 28025 30438 94416 94599 91002 18012 83585 1643 88598 11120 11408 7382 84742 93754 92255 76897 932 75711 23312 21603 18161 87911 69955 82916 27838 29953 95501 48561 13862 75399 89729 6875 47453 36494 82445 3345 75207 14234 47240 53654 83139 3531 20885 61250 43370 23769 69252 31206 73800 95085 81158 12209 84072 18881 46881 84768 3514 85613 6060 97984 43241 2636 92913 21768 64971 67345 41117 19024 96464 53499 10857 83430 5231 83418 63230 31409 77024 17743 50766 2363 37632 63629 16565 88311 55883 34089 11674 60998 34426 81800 3112 6108 31162 78510 57127 85436 17850 55382 47387 12848 94046 97442 56561 93413 26073 26530 71783 32304 73513 10407 41233 11247 54285 6243 69919 62190 39065 42097 91508 9596 90441 
15 52
74080 72969 4021 9016 17290 17303 44833 26991 41329 62894 12479 99087 70169 18515 10501 26268 90172 13566 23511 94771 5588 11840 80815 76142 2377 26406 75048 60533 52785 87654 66024 23109 72094 21800 38930 37098 93042 89491 64708 71984 98349 95922 73713 21254 57642 60303 79324 62347 14554 65137 96024 53039 
16 103
1374 5259 47273 9434 87997 25288 23843 15493 13654 99004 54986 44870 31001 44993 42799 86053 76488 80654 80932 54700 50310 10565 7320 24076 2649 95683 28842 78008 31177 56314 89860 41307 97809 41057 668 20217 1537 55094 20449 86513 21668 11584 7497 93553 75544 24457 62057 58015 46752 58638 27411 62233 43930 30381 41404 97884 41023 10232 14823 21816 1084 16585 80795 87110 25958 24576 54747 79960 18885 25049 56034 23501 4859 53250 65878 67627 90599 32637 80356 33316 60320 69747 97405 30622 40974 16781 34547 36744 22955 27498 63138 69081 44661 47940 17794 259 44663 45052 94071 96452 5382 53059 2023 
17 194
45257 1075 40628 66431 9494 54346 58179 12761 2883 57031 97155 43542 21039 64471 1375 13368 92422 23586 40771 17022 44202 1208 82436 93812 89017 29555 55693 79528 48986 56261 23031 38975 1676 32998 41957 838 74398 76206 24725 72047 7099 25555 16466 6462 66474 69844 40695 66744 13807 58614 20101 16313 8856 60650 48497 77078 61109 26856 80649 4490 8434 69707 34249 80808 35595 42969 43758 95172 88110 64074 86766 45815 6625 63203 64630 99972 18524 22596 97369 42473 28504 86571 98799 90720 89776 8923 80226 9711 43839 87846 57262 66108 28770 40099 95859 94141 51414 15212 45392 34977 7743 78454 63255 59233 85888 24724 72784 53958 18883 42387 38879 20111 94158 78596 87428 88033 46116 87792 13322 4974 24612 21772 51143 83220 29925 90044 32380 25367 11596 26097 73846 68226 21641 35503 84283 602 48275 30762 36109 97204 94971 30239 62907 19144 49851 18025 17536 73534 56353 51340 48175 45956 61126 25223 65942 92816 13041 21007 21272 95623 40780 91946 69430 35411 64259 99491 98775 18906 13287 54453 12725 31762 58810 30193 69965 63271 59288 21609 69295 53834 41044 86323 41308 87135 7985 44791 81937 28225 37637 88155 34900 19125 34915 48214 
18 174
65553 91656 99743 61192 50977 72008 80708 43167 96879 93222 9063 42993 82885 64859 37514 64923 65893 70596 22694 72043 58089 23826 7009 56714 27307 39250 82652 83966 34185 78218 61666 45206 10619 85811 44156 76327 12079 57191 75502 33960 73935 6527 3985 26961 23676 15202 76964 26323 68664 61492 69748 96793 94175 45887 69670 71946 16862 13098 33717 34443 18293 6173 73823 88777 47118 57864 33325 90274 43401 14954 63304 31182 29138 26225 40425 29113 57361 82373 69242 85923 76668 42825 28176 95510 6762 33141 4437 47697 63944 42237 96762 19431 84545 78466 11404 84571 5770 39108 22756 658 50126 3418 67920 79560 31166 94775 15763 42396 71205 69599 88846 45096 10540 64212 48023 93791 87500 32055 71056 46832 57852 31268 20465 89851 3895 27639 17462 94241 48867 63764 64905 33890 202 40871 25482 44328 64739 16557 22000 75875 37195 95798 12435 4856 31165 32702 90390 56296 4121 52094 24171 49194 98401 41358 49609 48015 9347 59095 68058 72418 5147 47122 77529 37535 87013 51739 92918 33913 23558 45342 55372 54693 87001 8752 
19 80
68672 50583 55807 87804 60482 49777 54730 77568 32674 90738 95273 95440 76593 72748 48396 58792 43439 60037 87898 24792 31553 33849 97261 66779 27547 42987 55726 99663 52677 63804 25256 99751 16584 67725 27713 46611 18631 45370 20669 17045 78143 10914 65079 20680 34537 41495 12750 25752 67087 51023 17037 73409 67810 13489 13844 61567 72106 907 64381 48869 54371 1282 18010 67206 67353 76802 98049 74670 44088 96566 85909 63981 9514 82501 97325 97541 88420 53840 48212 81010 
20 77
6887 87670 11759 2939 3247 85615 32866 27095 69067 22397 75812 10288 46418 20165 17051 30717 162 15045 70603 99216 50102 91341 36339 46954 55246 84378 43545 98849 50732 61443 25003 76295 29235 76655 69326 71505 4469 31139 96020 51823 84373 24558 35016 56322 29644 88442 99016 99589 93110 24741 37292 7440 87764 65383 33207 25290 73703 32321 57635 60279 72024 8790 76950 79116 47688 56090 70650 7890 61468 29089 85919 98434 39858 61675 84608 13394 3481 
21 150
6246 33763 81491 63175 90995 27488 88989 1710 63215 8796 66247 23791 78154 79214 77613 81066 34691 26677 59896 92674 11193 74854 46222 90824 93343 20207 71370 92999 37701 11337 50730 90943 43956 26496 96417 4416 45592 87838 20824 1169 59691 77218 10676 66387 52028 34129 76219 39702 15604 92168 49258 83485 46939 9592 5006 92058 55831 21280 17236 94069 69990 76677 50460 93796 92742 17053 81896 99692 77397 22307 49916 41394 77537 80326 66644 12136 36135 46246 40890 2720 52359 83318 97738 29104 21223 76606 82344 10263 68085 13321 41346 24365 22343 4219 47558 7574 68562 23317 62828 8107 91218 54054 23655 23396 30644 62922 80597 30487 47930 27585 6117 73730 30855 18135 63938 44596 3337 33049 8747 2051 62839 61863 67299 12369 81319 59246 42165 10624 29198 37688 4058 31548 60502 7501 20251 83672 13390 1547 82199 23915 57915 922 48205 77201 28138 51209 39541 22090 84149 53154 
22 65
370 24274 8935 68571 73075 35839 5177 19692 81449 34708 8244 37469 18334 46489 79700 74666 19783 6444 26285 360 84526 41401 58689 58985 82379 2614 52109 13921 81887 78334 17725 65172 11911 24327 79285 4845 64311 69086 20530 87451 57278 52102 1484 21534 417 90851 70480 45766 9421 41357 83009 71199 29352 48274 41665 62209 48809 10324 74413 70369 58856 21519 62534 46282 94890 
23 64
49586 71237 6991 828 519 39629 57563 90837 8932 69900 70149 97963 15363 30515 52713 10477 86991 85204 38372 13925 27299 85142 41234 52401 60914 92839 83254 47373 72134 76251 53801 41670 62262 93826 70685 8573 2504 64426 70233 19143 254 35373 74664 63864 64256 25452 2763 22997 4093 73710 96364 89449 76826 83647 59607 63986 93925 6456 41086 49443 11452 54998 65873 45651 
24 108
64216 53086 12157 65966 30426 37544 15241 41440 44118 11379 93518 34659 67476 41466 66529 91770 44512 48168 80884 57530 77008 52861 61671 74083 86479 44116 40796 85961 10246 41805 50717 1460 49464 35663 5424 46500 34227 20526 19917 57054 63420 57421 97311 11396 24468 61403 26277 18389 36853 57363 10675 53962 68383 99585 58704 1209 53686 59034 52964 79726 34763 50425 74054 64677 60675 78069 53984 37966 26771 2620 58035 94370 23374 84825 36376 31907 18706 74106 25894 19517 34878 25373 58569 69166 58000 78064 76560 5467 89272 10479 77713 22717 58326 58869 83546 88361 89341 16276 85196 15633 36138 40047 21325 82340 74458 92145 11800 71689 
25 47
67897 14740 84623 52540 4085 88113 92453 55072 2233 22455 43358 75111 9626 28114 10086 57340 64449 81291 31396 11683 20283 98126 6573 59807 561 70560 94974 67552 65977 68540 99792 52692 51205 90224 83395 72337 83780 843 58719 2931 42929 54879 49135 32086 67573 2236 51476 
26 38
95408 44325 86788 56977 2310 54188 93743 77585 64515 5360 10013 2373 65706 41836 4697 72167 28224 48061 60531 85260 81514 52091 31213 18406 4836 81743 54467 8634 47293 58238 43637 93913 23838 3353 51765 27409 53060 11831 
27 74
48688 11962 9444 40689 72891 11489 18210 61488 2425 55834 6556 48201 58487 13614 60881 5837 31041 1387 87437 52942 95971 63945 72794 71449 60194 15275 53221 8551 14915 21533 66789 19912 65100 20142 71562 89356 3037 6790 52098 99898 47310 15517 51399 83355 1477 36395 23675 12091 39425 18349 61839 80607 3036 62938 47708 96061 75837 41375 52648 20729 27164 99182 73124 25093 70204 35985 38818 54093 41306 58666 57639 50588 33805 59904 
28 56
94988 29589 97677 2400 50221 18920 71187 18683 65789 16770 82336 29901 30264 92264 92459 17594 64667 46587 43862 86964 72902 46499 85889 20486 84312 13201 21500 87780 30750 7734 17584 81330 29042 41067 956 99507 69324 44903 50307 75419 44455 91492 96444 44211 40733 64697 48660 29888 23815 2300 24905 58542 52613 71675 97254 4492 
29 25
20784 86821 74075 28421 49417 37515 90096 27010 37727 40204 88351 69937 87251 96253 42465 98320 34455 24262 39188 92416 52782 99150 3288 6489 75396 
30 19
20834 17228 70543 84019 51566 74817 11460 2533 36743 53586 81945 74656 38702 9443 20228 99583 62833 53598 29647 
31 32
48614 84387 72377 32206 49970 9712 8279 17689 45106 96263 76474 43896 67827 43305 96574 27096 40671 7206 76002 32030 4564 59371 23038 4283 51582 88695 51788 41167 45368 80747 97170 67839 
32 28
50311 30094 74031 28638 53781 13621 85411 55932 74624 35495 91126 86473 45394 40315 15943 33623 10661 88279 24047 58363 92837 95726 25900 58108 90386 45812 12820 86275 
33 20
24606 12405 8608 27073 27785 30964 81419 1667 39007 74466 37500 52338 60906 97919 45142 60949 79483 94172 2789 62477 
34 1
71462 
